numStates 20
numActions 10
start 16
end 15
transition 0 0 18 0.367967863831 0.497929188383
transition 0 0 1 -0.798597583863 0.261552764555
transition 0 0 0 0.221773946888 0.240518047062
transition 0 1 2 0.93508050058 0.137195538915
transition 0 1 11 -0.104060857129 0.461799179847
transition 0 1 14 -0.359890790655 0.0462534395494
transition 0 1 7 0.865667648454 0.292047520011
transition 0 1 5 0.102534492181 0.062704321678
transition 0 2 5 0.68492044628 0.301026843205
transition 0 2 12 0.84616487964 0.292808943117
transition 0 2 19 -0.217407899531 0.176238287374
transition 0 2 0 -0.448731757376 0.229925926304
transition 0 3 14 -0.334927701561 0.292976517231
transition 0 3 7 -0.798784959568 0.30084130405
transition 0 3 13 0.395341280382 0.0539649122562
transition 0 3 2 0.147732073578 0.016678585038
transition 0 3 1 0.0683959365214 0.335538681425
transition 0 4 3 0.293851439671 0.187830945735
transition 0 4 2 -0.639364196941 0.297949845096
transition 0 4 4 -0.921242585831 0.428378541107
transition 0 4 7 0.976470297445 0.0858406680613
transition 0 5 12 -0.285696634819 1.0
transition 0 6 14 -0.615380917511 0.000673494209629
transition 0 6 9 -0.521168079628 0.147759068904
transition 0 6 6 -0.242703859354 0.281641943388
transition 0 6 1 0.13630284182 0.386815464359
transition 0 6 15 -0.195465849762 0.18311002914
transition 0 7 13 -0.833065899649 0.304862495039
transition 0 7 1 0.97364296041 0.349389098491
transition 0 7 17 0.357030010484 0.193494003881
transition 0 7 11 -0.572950675871 0.15225440259
transition 0 8 5 -0.305893970801 0.292852990985
transition 0 8 6 -0.443180369567 0.392339441233
transition 0 8 7 -0.918673452649 0.00835846263147
transition 0 8 4 0.116711472194 0.306449105151
transition 0 9 16 -0.917594100988 0.295427025884
transition 0 9 13 0.963828140251 0.0780110568875
transition 0 9 2 -0.210416034023 0.137840428888
transition 0 9 3 -0.413185997085 0.261123502826
transition 0 9 8 -0.520587832723 0.227597985514
transition 1 0 0 -0.248857307343 1.0
transition 1 1 8 0.727157888604 0.0413690598452
transition 1 1 14 0.806021415082 0.45477896117
transition 1 1 4 0.353841933633 0.292567418583
transition 1 1 7 -0.204092796795 0.0770335853566
transition 1 1 17 -0.915797144219 0.134250975046
transition 1 2 15 -0.562453806256 0.284760014027
transition 1 2 0 0.925132926509 0.158881290819
transition 1 2 10 0.636236761836 0.419832535624
transition 1 2 5 -0.703266235076 0.0165635118794
transition 1 2 14 0.568333136378 0.11996264765
transition 1 3 10 0.357142713579 0.150594552651
transition 1 3 6 0.515692764523 0.211275472145
transition 1 3 5 0.4939307783 0.2599337205
transition 1 3 9 -0.587790335869 0.237693299789
transition 1 3 4 0.197228527335 0.140502954916
transition 1 4 4 -0.42582332001 0.0578148866985
transition 1 4 10 -0.888945908221 0.376866324198
transition 1 4 8 -0.164267910407 0.0163171319799
transition 1 4 3 0.726650366216 0.223334665558
transition 1 4 18 0.347087617199 0.325666991565
transition 1 5 5 -0.324269240342 1.0
transition 1 6 4 0.868579164743 1.0
transition 1 7 6 0.468558683314 0.519014806212
transition 1 7 10 -0.106562801732 0.0205916359266
transition 1 7 14 -0.939731530895 0.460393557862
transition 1 8 6 0.209696475161 0.00843627491379
transition 1 8 2 -0.626016595154 0.294046141527
transition 1 8 3 -0.311100785323 0.0384649541916
transition 1 8 10 -0.739684611143 0.328268961395
transition 1 8 15 -0.27552026011 0.330783667973
transition 1 9 3 -0.844157759813 0.0318827164745
transition 1 9 8 -0.159536595652 0.11358702716
transition 1 9 0 0.481757639742 0.854530256365
transition 2 0 13 -0.1076712321 1.0
transition 2 1 16 -0.0571301565684 0.510153791747
transition 2 1 12 0.520179673447 0.489846208253
transition 2 2 9 0.0603708752908 0.577124793325
transition 2 2 13 0.839956175715 0.422875206675
transition 2 3 16 -0.291884278773 1.0
transition 2 4 19 -0.987153092604 0.391262118053
transition 2 4 1 0.241753608044 0.0240824440363
transition 2 4 2 0.746294478184 0.584655437911
transition 2 5 19 -0.220927167985 0.400055849365
transition 2 5 7 -0.607610666167 0.109160982866
transition 2 5 12 0.173060517162 0.46609433436
transition 2 5 15 -0.223304807644 0.0246888334092
transition 2 6 0 -0.01959587254 0.452081981732
transition 2 6 17 -0.569160814029 0.547918018268
transition 2 7 8 -0.262591748236 0.174654849026
transition 2 7 15 0.0490292064212 0.825345150974
transition 2 8 14 0.530882748273 1.0
transition 2 9 4 0.209339804382 0.365189957084
transition 2 9 11 -0.478024046532 0.443208095904
transition 2 9 13 -0.762539526599 0.191601947012
transition 3 0 7 0.0363065944242 0.140047505031
transition 3 0 8 -0.53279365043 0.393453793899
transition 3 0 0 -0.426337904005 0.366548400246
transition 3 0 14 0.619497657053 0.0999503008247
transition 3 1 12 0.801619707314 0.497839192447
transition 3 1 16 0.667867541701 0.0854919876713
transition 3 1 15 -0.282771758896 0.416668819882
transition 3 2 3 -0.117609803849 0.258199628179
transition 3 2 1 0.315662491708 0.546094658283
transition 3 2 15 0.343169691597 0.195705713538
transition 3 3 6 0.973591637392 0.305553762493
transition 3 3 8 -0.234663441634 0.694446237507
transition 3 4 8 0.612933947091 0.0251296141026
transition 3 4 6 0.575362784242 0.19307964311
transition 3 4 2 -0.663370479378 0.781790742788
transition 3 5 13 -0.0153736927447 1.0
transition 3 6 1 -0.585804048738 0.564522392303
transition 3 6 19 -0.319439241498 0.435477607697
transition 3 7 1 -0.353995136993 0.235002891333
transition 3 7 6 0.201405993566 0.293995499377
transition 3 7 17 -0.997974413807 0.370870539253
transition 3 7 7 -0.912797235818 0.0528656227818
transition 3 7 4 0.85877059414 0.0472654472556
transition 3 8 16 -0.142592716537 0.0960566316087
transition 3 8 6 0.435836513049 0.333999733184
transition 3 8 4 0.0757409114728 0.318967799475
transition 3 8 18 0.980180670951 0.186933681144
transition 3 8 8 0.565180874343 0.0640421545888
transition 3 9 9 0.46183853947 0.255239100449
transition 3 9 13 0.783508527906 0.127978835662
transition 3 9 15 0.889890026421 0.140960973425
transition 3 9 17 -0.844150951905 0.475821090464
transition 4 0 1 -0.226749935216 0.395603666104
transition 4 0 18 0.251284981863 0.402398632625
transition 4 0 10 0.760293257572 0.201997701271
transition 4 1 4 0.810534777124 1.0
transition 4 2 8 0.171766710475 0.196337418889
transition 4 2 3 0.119593175865 0.0471616824302
transition 4 2 11 -0.596790972349 0.463248477827
transition 4 2 14 0.400811280439 0.148643287562
transition 4 2 2 -0.481509051957 0.144609133292
transition 4 3 10 0.0868855876091 0.181152856573
transition 4 3 4 -0.313234403693 0.267399923311
transition 4 3 7 -0.840025825739 0.264912901046
transition 4 3 6 -0.295359766926 0.13938165548
transition 4 3 11 0.667019641073 0.147152663589
transition 4 4 18 -0.290039411125 0.0331700947696
transition 4 4 6 0.512935403821 0.553900313611
transition 4 4 8 0.125471470491 0.412929591619
transition 4 5 12 0.716895862303 0.404737281542
transition 4 5 13 0.295994721589 0.134229716423
transition 4 5 9 0.653146223427 0.0489935770688
transition 4 5 19 0.910294474639 0.170760808163
transition 4 5 11 -0.933864606108 0.241278616804
transition 4 6 1 -0.659966633227 0.0991627730237
transition 4 6 3 -0.547919703072 0.083882307282
transition 4 6 17 -0.0742024129139 0.309326350904
transition 4 6 18 -0.724004233084 0.308681204317
transition 4 6 14 -0.973064643709 0.198947364473
transition 4 7 10 0.0205049100021 0.0555540193204
transition 4 7 4 -0.853903515193 0.214971058556
transition 4 7 8 0.317362909773 0.164350908879
transition 4 7 3 -0.136917756562 0.389375852558
transition 4 7 11 -0.057732054863 0.175748160686
transition 4 8 1 -0.946408573274 0.628875964575
transition 4 8 3 0.740461676963 0.371124035425
transition 4 9 1 -0.407914781867 0.479171794513
transition 4 9 4 -0.41777916921 0.520828205487
transition 5 0 17 -0.286051766576 0.338800315174
transition 5 0 1 0.47175653708 0.364816680946
transition 5 0 12 -0.329655741391 0.296383003881
transition 5 1 0 0.625884191658 1.0
transition 5 2 6 -0.783721690238 0.244889529408
transition 5 2 12 0.168505798231 0.230586394679
transition 5 2 17 -0.0269370703088 0.129338008512
transition 5 2 18 0.845463591204 0.3951860674
transition 5 3 5 -0.826410015761 0.459119004416
transition 5 3 9 -0.330943923695 0.290549294399
transition 5 3 4 -0.0889503950014 0.250331701185
transition 5 4 3 0.623726533266 0.127932219791
transition 5 4 4 0.728123114358 0.125721519048
transition 5 4 13 -0.726382395826 0.746346261162
transition 5 5 8 -0.844996417988 0.265882708674
transition 5 5 11 -0.547486040906 0.447464940201
transition 5 5 2 -0.237675266553 0.286652351125
transition 5 6 0 0.733029292603 0.459258716477
transition 5 6 16 -0.417281312933 0.221859496657
transition 5 6 3 -0.311968893813 0.206255559068
transition 5 6 12 -0.626118169283 0.112626227799
transition 5 7 10 0.150765326192 0.578185287993
transition 5 7 16 -0.813043605336 0.0237555458152
transition 5 7 19 -0.346376863441 0.117674276589
transition 5 7 3 0.594421546141 0.0664494166465
transition 5 7 1 -0.532532603251 0.213935472956
transition 5 8 12 0.231521993198 1.0
transition 5 9 9 0.822121150413 0.458673255691
transition 5 9 4 0.786533943529 0.541326744309
transition 6 0 17 -0.543481000648 0.349833029764
transition 6 0 16 0.306587122175 0.208768727491
transition 6 0 4 0.859091030789 0.441398242744
transition 6 1 12 0.364169073549 0.324155270083
transition 6 1 11 0.447854046942 0.190224885717
transition 6 1 6 0.846169062596 0.0669016653776
transition 6 1 3 0.188971110921 0.260216296632
transition 6 1 9 0.267083178293 0.15850188219
transition 6 2 18 0.770823205755 0.535334277332
transition 6 2 14 0.370894107106 0.183153567869
transition 6 2 6 0.114736942101 0.0884009230375
transition 6 2 8 -0.123707363146 0.193111231761
transition 6 3 4 0.992101917695 0.00657017158755
transition 6 3 7 0.285937531388 0.216399219273
transition 6 3 9 -0.239701218249 0.77703060914
transition 6 4 7 -0.231877405256 0.141587043351
transition 6 4 13 -0.32045407253 0.326874066028
transition 6 4 5 -0.472235591179 0.531538890621
transition 6 5 16 -0.252518406269 1.0
transition 6 6 16 -0.0294551695189 0.205336953508
transition 6 6 17 0.563794616213 0.182227107816
transition 6 6 1 0.115578827803 0.121661126616
transition 6 6 13 0.991110908645 0.247787919942
transition 6 6 12 0.923742342445 0.242986892118
transition 6 7 17 0.223425761076 0.107198651057
transition 6 7 3 -0.770682421826 0.892801348943
transition 6 8 14 -0.366151437496 0.31383010729
transition 6 8 18 0.958475117198 0.260024457883
transition 6 8 13 0.416924033296 0.0229877668233
transition 6 8 8 0.384633697817 0.403157668004
transition 6 9 0 -0.969611840047 1.0
transition 7 0 19 -0.165259556096 0.290121213311
transition 7 0 16 0.887231262875 0.312359958246
transition 7 0 5 0.119944902194 0.0860318671884
transition 7 0 14 0.162840674538 0.311486961254
transition 7 1 17 0.923130657477 1.0
transition 7 2 19 0.253751231434 0.0809839341747
transition 7 2 16 -0.973016446853 0.306912866346
transition 7 2 17 0.333696847528 0.0889606556392
transition 7 2 12 0.927370791098 0.221008380406
transition 7 2 9 0.376566339336 0.302134163434
transition 7 3 0 -0.622380220423 1.0
transition 7 4 12 -0.487292677477 0.115050280465
transition 7 4 2 -0.997901129343 0.884949719535
transition 7 5 11 0.398982257019 0.314429246645
transition 7 5 4 -0.971453464122 0.308804576607
transition 7 5 17 -0.294422794307 0.213766522013
transition 7 5 1 0.841703644156 0.0838732769049
transition 7 5 10 -0.631050068205 0.0791263778303
transition 7 6 18 -0.723650465665 1.0
transition 7 7 15 -0.775149977438 0.206732979145
transition 7 7 12 0.677450868279 0.206495059918
transition 7 7 8 -0.0354454473524 0.199392972218
transition 7 7 3 -0.799984772733 0.183289404827
transition 7 7 7 -0.475544463454 0.204089583892
transition 7 8 13 0.839220880009 0.267324175555
transition 7 8 6 0.198164757818 0.017896767076
transition 7 8 3 0.120536934303 0.258880123319
transition 7 8 8 -0.186609172751 0.45589893405
transition 7 9 3 -0.979491239198 0.028545311418
transition 7 9 6 0.545384081317 0.115809589311
transition 7 9 4 0.0146055241612 0.338749270277
transition 7 9 9 -0.770965949397 0.381735995478
transition 7 9 17 0.480690580912 0.135159833517
transition 8 0 5 -0.859065992487 0.48733173832
transition 8 0 14 -0.231905704073 0.51266826168
transition 8 1 19 -0.778096506477 0.0727352114709
transition 8 1 7 0.238004628478 0.411388440379
transition 8 1 11 0.0373644308419 0.51587634815
transition 8 2 1 0.0518377968445 1.0
transition 8 3 17 -0.409563925257 0.164598472465
transition 8 3 0 0.925154048827 0.0943786243272
transition 8 3 16 0.731739072915 0.23953483732
transition 8 3 2 0.884599722259 0.395144409646
transition 8 3 11 -0.324542215109 0.106343656241
transition 8 4 14 0.461739644717 0.252432255034
transition 8 4 16 0.913187178925 0.0268916949874
transition 8 4 3 -0.672890725033 0.374830155575
transition 8 4 4 -0.838128875928 0.345845894403
transition 8 5 2 0.452378482821 0.3836292028
transition 8 5 10 0.58075633091 0.564618564122
transition 8 5 15 0.979881689214 0.0517522330779
transition 8 6 18 -0.409032118935 0.106114570455
transition 8 6 2 0.180747940409 0.487410775981
transition 8 6 15 -0.739805104197 0.121229423608
transition 8 6 7 -0.00798623579025 0.122461003403
transition 8 6 4 0.468843484166 0.162784226553
transition 8 7 10 -0.585735920961 0.198956216595
transition 8 7 14 -0.993250766125 0.801043783405
transition 8 8 11 0.908345901817 1.0
transition 8 9 13 0.08217110588 0.281387651309
transition 8 9 11 -0.930430497149 0.0602322367008
transition 8 9 10 0.0324958974333 0.244464524919
transition 8 9 5 -0.168277573434 0.228114738739
transition 8 9 4 -0.217147573981 0.185800848333
transition 9 0 15 -0.136726996291 1.0
transition 9 1 5 -0.341911111206 0.286957733124
transition 9 1 11 0.328562526364 0.713042266876
transition 9 2 13 0.622286734594 0.199917746593
transition 9 2 12 0.989404012191 0.106561277126
transition 9 2 5 -0.152309735849 0.289976937732
transition 9 2 16 -0.242309340913 0.40354403855
transition 9 3 14 -0.266657298097 1.0
transition 9 4 17 -0.973684471451 0.213728250783
transition 9 4 16 0.202143068236 0.0488480994018
transition 9 4 13 -0.711483763692 0.26098446431
transition 9 4 19 -0.691307248947 0.216716442466
transition 9 4 9 0.642410451055 0.25972274304
transition 9 5 3 0.745211445136 0.0871356328657
transition 9 5 17 -0.36064329782 0.128890922491
transition 9 5 6 0.530432719744 0.529317695527
transition 9 5 16 0.0385434858161 0.254655749116
transition 9 6 1 -0.152263410863 0.290213705786
transition 9 6 15 0.137897398227 0.285213402168
transition 9 6 5 -0.679353686609 0.241480563657
transition 9 6 0 -0.78604647756 0.00350994127665
transition 9 6 18 -0.485805031689 0.179582387113
transition 9 7 7 0.522356550709 0.13516599338
transition 9 7 6 -0.117186752353 0.493225572474
transition 9 7 11 -0.291924783175 0.371608434147
transition 9 8 12 -0.999731436837 0.2774182582
transition 9 8 16 -0.813660333465 0.0591234876896
transition 9 8 4 -0.0953305684494 0.308242133563
transition 9 8 14 -0.251027883864 0.0812047869496
transition 9 8 3 -0.0775518527399 0.274011333598
transition 9 9 8 0.409266692873 0.222237863016
transition 9 9 19 0.121435990609 0.756133134287
transition 9 9 3 -0.754597423964 0.0216290026967
transition 10 0 0 -0.493448416224 0.724608315087
transition 10 0 16 -0.672383186422 0.275391684913
transition 10 1 4 -0.11827761877 0.399492108104
transition 10 1 5 0.13420021838 0.00499063163727
transition 10 1 13 0.984039189391 0.0285422860116
transition 10 1 15 0.438178904638 0.276407590776
transition 10 1 2 0.881992244034 0.290567383471
transition 10 2 2 0.523025492435 0.270084379896
transition 10 2 6 -0.433633350064 0.323008310379
transition 10 2 12 0.10758921505 0.406907309725
transition 10 3 1 -0.118267471934 0.300524970437
transition 10 3 7 -0.546485722211 0.0450459292099
transition 10 3 0 -0.246534227967 0.226787807914
transition 10 3 8 -0.688017678513 0.427641292439
transition 10 4 6 0.629541720942 0.0588756950526
transition 10 4 14 0.595872123618 0.142661850428
transition 10 4 7 -0.93538699171 0.152236129283
transition 10 4 17 -0.336360875366 0.413536776037
transition 10 4 15 -0.880296621245 0.2326895492
transition 10 5 15 0.895045306422 0.0896138335089
transition 10 5 13 0.591183395708 0.360835965985
transition 10 5 1 -0.869361823685 0.0494438930827
transition 10 5 9 -0.768382382367 0.500106307423
transition 10 6 6 0.0572582917647 0.414641229967
transition 10 6 11 0.397495337901 0.149944313363
transition 10 6 17 0.81760442714 0.252851962014
transition 10 6 5 0.38691029089 0.112025667486
transition 10 6 9 -0.189815642687 0.0705368271695
transition 10 7 14 -0.352970343827 0.2860346471
transition 10 7 12 -0.809850521361 0.346572349542
transition 10 7 16 -0.710777571316 0.278999496074
transition 10 7 11 -0.620963042456 0.0883935072841
transition 10 8 12 0.297114914902 1.0
transition 10 9 8 -0.341204089344 1.0
transition 11 0 13 0.467608539196 0.239227785641
transition 11 0 7 0.801496978822 0.210839104559
transition 11 0 8 0.262949286431 0.240073427629
transition 11 0 1 0.528390431402 0.304962121925
transition 11 0 0 0.737238763734 0.00489756024487
transition 11 1 1 0.805647665931 1.0
transition 11 2 2 0.424945649675 0.488709178328
transition 11 2 11 -0.0143594640683 0.0155796382025
transition 11 2 1 0.89653878709 0.49571118347
transition 11 3 5 0.564995034868 0.154554037886
transition 11 3 14 -0.0174960294196 0.845445962114
transition 11 4 3 0.126299474512 0.491692115107
transition 11 4 16 -0.2865050596 0.0706825380975
transition 11 4 10 -0.0641668749923 0.114015523105
transition 11 4 4 -0.340331061136 0.32360982369
transition 11 5 19 -0.856585773686 0.0990273693979
transition 11 5 1 -0.356299201207 0.0705562097267
transition 11 5 8 0.620794168858 0.150222245491
transition 11 5 7 -0.675461106581 0.177144432548
transition 11 5 0 0.409786825476 0.503049742837
transition 11 6 8 0.115553411231 0.0644640342741
transition 11 6 17 -0.518523617396 0.180471733101
transition 11 6 19 0.790759150082 0.270758966484
transition 11 6 0 -0.788463114932 0.340437280681
transition 11 6 11 -0.821498894825 0.143867985459
transition 11 7 11 -0.192636560486 0.380143777759
transition 11 7 14 -0.645595372973 0.524736245018
transition 11 7 3 0.4487711949 0.095119977223
transition 11 8 7 -0.757841060722 0.848712045883
transition 11 8 11 -0.526272675143 0.151287954117
transition 11 9 2 0.225327947181 0.271677860373
transition 11 9 5 0.317906951544 0.280988768668
transition 11 9 19 -0.365001207468 0.447333370959
transition 12 0 7 0.789719041955 0.302494454854
transition 12 0 16 -0.234372765028 0.14871131832
transition 12 0 2 0.0603284183085 0.268384838273
transition 12 0 19 -0.263681443096 0.280409388553
transition 12 1 19 0.74019709683 0.239577613934
transition 12 1 15 0.068429787935 0.399257168439
transition 12 1 3 -0.329318822476 0.361165217627
transition 12 2 2 0.681901268754 0.247002972647
transition 12 2 10 0.709516066089 0.149485559807
transition 12 2 13 -0.757202305179 0.603511467546
transition 12 3 18 0.194385090025 0.121348473466
transition 12 3 7 -0.426040737399 0.240762198008
transition 12 3 4 0.679625168326 0.076102962245
transition 12 3 12 0.807930770345 0.0518129787013
transition 12 3 6 -0.739495498271 0.509973387579
transition 12 4 6 -0.336861756906 0.0161877788645
transition 12 4 13 0.120687786878 0.2680511253
transition 12 4 18 -0.987568217637 0.258646940906
transition 12 4 12 0.251047732825 0.222424122209
transition 12 4 2 0.469225161639 0.23469003272
transition 12 5 10 -0.171791690476 0.324120449754
transition 12 5 2 0.702761399424 0.00952353622869
transition 12 5 16 0.61435362416 0.340026703363
transition 12 5 19 -0.157642098299 0.0559647372864
transition 12 5 18 0.727222091747 0.270364573368
transition 12 6 10 0.179822612594 0.0778077857246
transition 12 6 19 0.0383822880616 0.130388458629
transition 12 6 17 -0.923245529659 0.285679963608
transition 12 6 9 -0.133019523143 0.257156120844
transition 12 6 11 0.752150606468 0.248967671194
transition 12 7 17 0.655422153588 0.274402493197
transition 12 7 7 -0.944614191844 0.237698971113
transition 12 7 0 0.647739724482 0.261688634234
transition 12 7 13 0.853228425836 0.226209901457
transition 12 8 16 -0.623787206838 0.0459142377879
transition 12 8 0 0.317086803902 0.46367060965
transition 12 8 7 0.149768080423 0.490415152562
transition 12 9 2 0.674593949942 0.281195502661
transition 12 9 8 0.636636352546 0.23209664079
transition 12 9 5 -0.533082711386 0.00329476770655
transition 12 9 18 -0.0699509785488 0.167431400914
transition 12 9 19 -0.648990605921 0.315981687929
transition 13 0 16 0.191705215664 0.405348527895
transition 13 0 4 -0.169601507597 0.338472854818
transition 13 0 11 0.26051606309 0.256178617287
transition 13 1 13 0.570777777165 0.239793913529
transition 13 1 7 -0.22570192622 0.124084562393
transition 13 1 6 -0.114876584952 0.169499527244
transition 13 1 9 0.627545213143 0.188517597678
transition 13 1 18 0.286652857316 0.278104399156
transition 13 2 15 0.226231221408 0.222535706812
transition 13 2 13 0.722909062146 0.390038798712
transition 13 2 16 0.50291733815 0.387425494476
transition 13 3 11 -0.946271778981 0.482995649892
transition 13 3 17 -0.912536106487 0.285187954201
transition 13 3 0 -0.780958931834 0.231816395908
transition 13 4 0 0.601466092359 0.0583862750731
transition 13 4 13 -0.462870837287 0.269280816663
transition 13 4 18 0.778404518904 0.246292400866
transition 13 4 11 0.973011302061 0.0776332480801
transition 13 4 19 0.254778360594 0.348407259317
transition 13 5 18 0.819061547982 0.428454081792
transition 13 5 9 -0.191466853228 0.247362174916
transition 13 5 6 0.0475365425315 0.324183743292
transition 13 6 9 0.469445478097 0.217449691929
transition 13 6 14 0.940143688373 0.782550308071
transition 13 7 8 0.342782305134 1.0
transition 13 8 2 -0.951603763788 0.379700915965
transition 13 8 11 0.67042936571 0.458178521608
transition 13 8 16 0.82756871814 0.162120562427
transition 13 9 2 -0.816338906142 0.542615523638
transition 13 9 6 0.33562612868 0.457384476362
transition 14 0 3 0.229710972811 0.260278151374
transition 14 0 2 -0.10017622418 0.16234269915
transition 14 0 13 0.23279876653 0.00503815135704
transition 14 0 4 0.251470102102 0.227814114015
transition 14 0 19 0.406551994713 0.344526884104
transition 14 1 8 0.375998587552 0.302790206956
transition 14 1 11 0.732051005079 0.697209793044
transition 14 2 10 0.889923434619 0.138942162372
transition 14 2 19 -0.106292711084 0.211162255326
transition 14 2 13 -0.338032647745 0.250816369262
transition 14 2 18 0.152458053467 0.39907921304
transition 14 3 10 0.932303009361 0.163137557723
transition 14 3 15 -0.885951885821 0.21608721474
transition 14 3 13 -0.65195608182 0.435697551694
transition 14 3 18 -0.0477549278093 0.185077675842
transition 14 4 4 -0.242280264995 0.272386729807
transition 14 4 3 0.670880824874 0.529108546534
transition 14 4 7 0.356369242261 0.198504723659
transition 14 5 19 0.41483110216 0.380190743485
transition 14 5 18 -0.234761561175 0.583152210175
transition 14 5 9 0.943137256478 0.0366570463401
transition 14 6 8 0.532732928993 0.475484453584
transition 14 6 11 -0.728486985017 0.524515546416
transition 14 7 3 0.352425615271 0.422773780031
transition 14 7 9 -0.870570891955 0.159007921288
transition 14 7 8 0.894278615055 0.0804661754015
transition 14 7 7 0.599630134557 0.246536881641
transition 14 7 18 0.0487395254597 0.0912152416387
transition 14 8 10 0.324944069264 0.15282962446
transition 14 8 8 -0.171953723329 0.46710440695
transition 14 8 4 -0.684581807521 0.117971081295
transition 14 8 6 0.189205623074 0.262094887294
transition 14 9 1 -0.193454505065 0.379817767849
transition 14 9 17 -0.380058077335 0.361832450023
transition 14 9 18 0.660740186578 0.149492599921
transition 14 9 5 0.245796508331 0.108857182207
transition 16 0 12 0.703979667963 1.0
transition 16 1 1 -0.310057158624 0.265307154572
transition 16 1 15 -0.419751138134 0.255577441344
transition 16 1 6 -0.205639023937 0.159820945273
transition 16 1 0 -0.517787519172 0.319294458811
transition 16 2 4 -0.790502561234 0.0760228269866
transition 16 2 10 -0.495232230801 0.476614590607
transition 16 2 7 -0.628552510424 0.136877965258
transition 16 2 5 0.889226672586 0.133258201735
transition 16 2 13 -0.172678541235 0.177226415413
transition 16 3 7 0.77579018063 0.403462324669
transition 16 3 16 -0.699486508364 0.596537675331
transition 16 4 5 -0.58437778234 1.0
transition 16 5 5 0.506481939792 0.0765785757759
transition 16 5 8 0.763124475399 0.273187447211
transition 16 5 4 0.994792331028 0.650233977013
transition 16 6 11 -0.724166169173 0.0987165567693
transition 16 6 19 -0.891625367587 0.540608058205
transition 16 6 14 0.103541049885 0.360675385025
transition 16 7 7 0.596000794089 0.250345344678
transition 16 7 18 -0.309449260202 0.310805805489
transition 16 7 0 -0.446955129394 0.438848849833
transition 16 8 6 -0.15850141237 0.324503217646
transition 16 8 12 -0.912676843999 0.675496782354
transition 16 9 5 0.209478078989 0.650174310678
transition 16 9 6 -0.591789349152 0.349825689322
transition 17 0 0 0.61759110002 0.540197612534
transition 17 0 15 -0.386564442719 0.0351296369867
transition 17 0 10 0.332406915071 0.424672750479
transition 17 1 0 -0.609803570784 0.427380702473
transition 17 1 1 0.885738723486 0.341730614472
transition 17 1 5 -0.574336239422 0.230888683055
transition 17 2 15 0.443110710082 0.373555332388
transition 17 2 0 0.848915703199 0.0355459562638
transition 17 2 5 0.145127558566 0.578489963091
transition 17 2 18 -0.827580630251 0.0124087482572
transition 17 3 8 0.9407596703 1.0
transition 17 4 13 0.257501375223 0.252696646478
transition 17 4 15 0.469285977605 0.343629100572
transition 17 4 16 -0.200307349537 0.269851027256
transition 17 4 10 0.474995309075 0.133823225694
transition 17 5 6 -0.602535526444 1.0
transition 17 6 1 -0.566170445993 0.200841006742
transition 17 6 17 -0.295932656131 0.149241749479
transition 17 6 19 0.0152807515046 0.210336665372
transition 17 6 12 0.0394342214509 0.439580578406
transition 17 7 2 0.0921527880303 0.220301225797
transition 17 7 8 0.6011227011 0.121913235394
transition 17 7 18 0.331909698187 0.0732903219525
transition 17 7 4 0.871693239273 0.260505012895
transition 17 7 7 -0.111012447808 0.323990203961
transition 17 8 19 -0.793496826782 0.137785172332
transition 17 8 4 0.748798471176 0.34674446484
transition 17 8 7 -0.196843333536 0.222421531652
transition 17 8 5 -0.689630110206 0.293048831176
transition 17 9 15 -0.944824007965 1.0
transition 18 0 6 0.341204011481 0.0491577678144
transition 18 0 13 -0.59875793017 0.314271729046
transition 18 0 2 0.643048413962 0.147615215591
transition 18 0 1 -0.189321465504 0.488955287548
transition 18 1 12 0.859003093526 0.38149791245
transition 18 1 2 0.312178775221 0.33694433627
transition 18 1 5 -0.0564479188443 0.28155775128
transition 18 2 14 0.745317988971 0.296500553959
transition 18 2 3 0.534685234329 0.237483992991
transition 18 2 9 0.0757734023071 0.280776356357
transition 18 2 2 0.110639102501 0.185239096692
transition 18 3 1 0.524102300251 0.129385496031
transition 18 3 8 0.783853915538 0.870614503969
transition 18 4 14 0.450137441134 0.11288734598
transition 18 4 3 0.694992239121 0.88711265402
transition 18 5 1 0.88174548088 0.022132386892
transition 18 5 6 -0.456108347608 0.013949177834
transition 18 5 9 0.145402297034 0.296394761511
transition 18 5 5 -0.369268205226 0.32929567802
transition 18 5 8 -0.889422045093 0.338227995742
transition 18 6 13 0.576776225377 1.0
transition 18 7 6 -0.285388704907 0.0177780435526
transition 18 7 11 0.129437717822 0.140344278265
transition 18 7 18 0.0106344089186 0.292574435273
transition 18 7 3 0.935533433346 0.277609837456
transition 18 7 8 -0.296971097965 0.271693405453
transition 18 8 19 0.338859858951 0.270113428423
transition 18 8 0 -0.863269779087 0.261024317231
transition 18 8 18 -0.585006740939 0.124138031202
transition 18 8 4 -0.325923997042 0.0637197384547
transition 18 8 7 -0.244575356683 0.281004484688
transition 18 9 11 0.40722234763 1.0
transition 19 0 15 0.389582638141 0.00387802055065
transition 19 0 11 -0.980713898852 0.45093257834
transition 19 0 5 -0.31089226656 0.327361877437
transition 19 0 17 0.466513911882 0.217827523672
transition 19 1 2 0.739152623132 0.209269264863
transition 19 1 15 0.146259534613 0.287830852873
transition 19 1 3 0.190230506323 0.502899882264
transition 19 2 7 -0.151120793441 0.376479191235
transition 19 2 4 0.941390231947 0.598956811934
transition 19 2 6 0.859220161178 0.024563996831
transition 19 3 2 -0.206563708942 0.148710627698
transition 19 3 19 0.352157308875 0.310707063141
transition 19 3 0 0.616605856049 0.343507518572
transition 19 3 1 -0.791137259242 0.197074790589
transition 19 4 8 -0.161364699628 0.608499835256
transition 19 4 7 -0.585914602354 0.109705877614
transition 19 4 1 -0.571883465323 0.28179428713
transition 19 5 9 0.671896512604 0.195083286122
transition 19 5 1 -0.390040812852 0.307302315549
transition 19 5 17 -0.352680677124 0.0574276112682
transition 19 5 6 -0.408305803685 0.300184309203
transition 19 5 3 0.702229118565 0.140002477858
transition 19 6 19 -0.317345069566 1.0
transition 19 7 3 -0.565089379473 0.349065334001
transition 19 7 5 -0.190208448201 0.0744326927397
transition 19 7 15 -0.475284035225 0.356171988007
transition 19 7 1 -0.0969488518619 0.220329985253
transition 19 8 1 0.433588047712 0.490651794189
transition 19 8 8 0.576613372332 0.0793795315756
transition 19 8 0 -0.588907080459 0.103119140002
transition 19 8 3 -0.582797648984 0.326849534234
transition 19 9 19 0.0701742765216 0.323087198572
transition 19 9 5 -0.708782767936 0.676912801428
discount  0.9
